camera_matrix:
- [1329.1846511784731, 0.0, 527.812766771755]
- [0.0, 1329.8876963524544, 368.6072644432931]
- [0.0, 0.0, 1.0]
dist_coeffs: [-0.2982520379015886, 0.9377411651697823, -0.001576772901990373, -0.0005171784932827964,
  -1.9701654388383134]
rotation:
- [0.7346222800696071, -0.00569491203330047, 0.6784522813019986]
- [-0.6783220717912041, -0.027484529226524237, 0.7342505052531096]
- [0.014465440479568104, -0.9996060193176042, -0.02405375338011062]
translation: [-0.9806142968560767, -0.872038640157756, 0.7701865811595882]
